{
 "cells": [
  {
   "cell_type": "code",
   "execution_count": 1,
   "id": "2fe64529",
   "metadata": {},
   "outputs": [],
   "source": [
    "import pandas as pd \n",
    "\n",
    "file =  pd.read_csv('rain-agriculture.csv')\n",
    "# DataLink https://www.kaggle.com/datasets/naivedatamodel/india-rain-agriculture-over-the-span-of-52-years"
   ]
  },
  {
   "cell_type": "code",
   "execution_count": 2,
   "id": "cd70e7c0",
   "metadata": {},
   "outputs": [
    {
     "data": {
      "text/html": [
       "<div>\n",
       "<style scoped>\n",
       "    .dataframe tbody tr th:only-of-type {\n",
       "        vertical-align: middle;\n",
       "    }\n",
       "\n",
       "    .dataframe tbody tr th {\n",
       "        vertical-align: top;\n",
       "    }\n",
       "\n",
       "    .dataframe thead th {\n",
       "        text-align: right;\n",
       "    }\n",
       "</style>\n",
       "<table border=\"1\" class=\"dataframe\">\n",
       "  <thead>\n",
       "    <tr style=\"text-align: right;\">\n",
       "      <th></th>\n",
       "      <th>State Name</th>\n",
       "      <th>Year</th>\n",
       "      <th>Dist Code</th>\n",
       "      <th>State Code</th>\n",
       "      <th>RICE AREA (1000 ha)</th>\n",
       "      <th>RICE PRODUCTION (1000 tons)</th>\n",
       "      <th>RICE YIELD (Kg per ha)</th>\n",
       "      <th>WHEAT AREA (1000 ha)</th>\n",
       "      <th>WHEAT PRODUCTION (1000 tons)</th>\n",
       "      <th>WHEAT YIELD (Kg per ha)</th>\n",
       "      <th>...</th>\n",
       "      <th>FRUITS AND VEGETABLES AREA (1000 ha)</th>\n",
       "      <th>POTATOES AREA (1000 ha)</th>\n",
       "      <th>ONION AREA (1000 ha)</th>\n",
       "      <th>FODDER AREA (1000 ha)</th>\n",
       "      <th>subdivision</th>\n",
       "      <th>YEAR</th>\n",
       "      <th>JUN</th>\n",
       "      <th>JUL</th>\n",
       "      <th>AUG</th>\n",
       "      <th>SEP</th>\n",
       "    </tr>\n",
       "  </thead>\n",
       "  <tbody>\n",
       "    <tr>\n",
       "      <th>0</th>\n",
       "      <td>andhra pradesh</td>\n",
       "      <td>1966</td>\n",
       "      <td>49.0</td>\n",
       "      <td>1.0</td>\n",
       "      <td>218.272727</td>\n",
       "      <td>292.181818</td>\n",
       "      <td>1345.728182</td>\n",
       "      <td>0.227273</td>\n",
       "      <td>0.054545</td>\n",
       "      <td>128.417273</td>\n",
       "      <td>...</td>\n",
       "      <td>20.699091</td>\n",
       "      <td>0.017273</td>\n",
       "      <td>0.892727</td>\n",
       "      <td>11.688182</td>\n",
       "      <td>andhra pradesh</td>\n",
       "      <td>1966</td>\n",
       "      <td>72.333333</td>\n",
       "      <td>197.566667</td>\n",
       "      <td>145.966667</td>\n",
       "      <td>162.266667</td>\n",
       "    </tr>\n",
       "    <tr>\n",
       "      <th>1</th>\n",
       "      <td>andhra pradesh</td>\n",
       "      <td>1967</td>\n",
       "      <td>49.0</td>\n",
       "      <td>1.0</td>\n",
       "      <td>220.181818</td>\n",
       "      <td>302.090909</td>\n",
       "      <td>1337.355455</td>\n",
       "      <td>0.236364</td>\n",
       "      <td>0.045455</td>\n",
       "      <td>34.632727</td>\n",
       "      <td>...</td>\n",
       "      <td>19.797273</td>\n",
       "      <td>0.022727</td>\n",
       "      <td>0.960000</td>\n",
       "      <td>10.838182</td>\n",
       "      <td>andhra pradesh</td>\n",
       "      <td>1967</td>\n",
       "      <td>99.400000</td>\n",
       "      <td>205.100000</td>\n",
       "      <td>104.933333</td>\n",
       "      <td>134.900000</td>\n",
       "    </tr>\n",
       "    <tr>\n",
       "      <th>2</th>\n",
       "      <td>andhra pradesh</td>\n",
       "      <td>1968</td>\n",
       "      <td>49.0</td>\n",
       "      <td>1.0</td>\n",
       "      <td>203.527273</td>\n",
       "      <td>250.363636</td>\n",
       "      <td>1212.896364</td>\n",
       "      <td>0.327273</td>\n",
       "      <td>0.090909</td>\n",
       "      <td>146.831818</td>\n",
       "      <td>...</td>\n",
       "      <td>20.502727</td>\n",
       "      <td>0.012727</td>\n",
       "      <td>0.899091</td>\n",
       "      <td>9.487273</td>\n",
       "      <td>andhra pradesh</td>\n",
       "      <td>1968</td>\n",
       "      <td>61.366667</td>\n",
       "      <td>129.666667</td>\n",
       "      <td>28.900000</td>\n",
       "      <td>177.466667</td>\n",
       "    </tr>\n",
       "    <tr>\n",
       "      <th>3</th>\n",
       "      <td>andhra pradesh</td>\n",
       "      <td>1969</td>\n",
       "      <td>49.0</td>\n",
       "      <td>1.0</td>\n",
       "      <td>227.118182</td>\n",
       "      <td>280.509091</td>\n",
       "      <td>1268.754545</td>\n",
       "      <td>0.318182</td>\n",
       "      <td>0.081818</td>\n",
       "      <td>174.282727</td>\n",
       "      <td>...</td>\n",
       "      <td>20.974545</td>\n",
       "      <td>0.013636</td>\n",
       "      <td>1.020000</td>\n",
       "      <td>11.616364</td>\n",
       "      <td>andhra pradesh</td>\n",
       "      <td>1969</td>\n",
       "      <td>78.233333</td>\n",
       "      <td>168.800000</td>\n",
       "      <td>137.033333</td>\n",
       "      <td>122.566667</td>\n",
       "    </tr>\n",
       "    <tr>\n",
       "      <th>4</th>\n",
       "      <td>andhra pradesh</td>\n",
       "      <td>1970</td>\n",
       "      <td>49.0</td>\n",
       "      <td>1.0</td>\n",
       "      <td>225.745454</td>\n",
       "      <td>312.245454</td>\n",
       "      <td>1361.693636</td>\n",
       "      <td>0.245455</td>\n",
       "      <td>0.209091</td>\n",
       "      <td>549.586364</td>\n",
       "      <td>...</td>\n",
       "      <td>20.752727</td>\n",
       "      <td>0.011818</td>\n",
       "      <td>1.006364</td>\n",
       "      <td>10.207273</td>\n",
       "      <td>andhra pradesh</td>\n",
       "      <td>1970</td>\n",
       "      <td>125.833333</td>\n",
       "      <td>121.433333</td>\n",
       "      <td>242.300000</td>\n",
       "      <td>140.200000</td>\n",
       "    </tr>\n",
       "  </tbody>\n",
       "</table>\n",
       "<p>5 rows × 85 columns</p>\n",
       "</div>"
      ],
      "text/plain": [
       "       State Name  Year  Dist Code  State Code  RICE AREA (1000 ha)  \\\n",
       "0  andhra pradesh  1966       49.0         1.0           218.272727   \n",
       "1  andhra pradesh  1967       49.0         1.0           220.181818   \n",
       "2  andhra pradesh  1968       49.0         1.0           203.527273   \n",
       "3  andhra pradesh  1969       49.0         1.0           227.118182   \n",
       "4  andhra pradesh  1970       49.0         1.0           225.745454   \n",
       "\n",
       "   RICE PRODUCTION (1000 tons)  RICE YIELD (Kg per ha)  WHEAT AREA (1000 ha)  \\\n",
       "0                   292.181818             1345.728182              0.227273   \n",
       "1                   302.090909             1337.355455              0.236364   \n",
       "2                   250.363636             1212.896364              0.327273   \n",
       "3                   280.509091             1268.754545              0.318182   \n",
       "4                   312.245454             1361.693636              0.245455   \n",
       "\n",
       "   WHEAT PRODUCTION (1000 tons)  WHEAT YIELD (Kg per ha)  ...  \\\n",
       "0                      0.054545               128.417273  ...   \n",
       "1                      0.045455                34.632727  ...   \n",
       "2                      0.090909               146.831818  ...   \n",
       "3                      0.081818               174.282727  ...   \n",
       "4                      0.209091               549.586364  ...   \n",
       "\n",
       "   FRUITS AND VEGETABLES AREA (1000 ha)  POTATOES AREA (1000 ha)  \\\n",
       "0                             20.699091                 0.017273   \n",
       "1                             19.797273                 0.022727   \n",
       "2                             20.502727                 0.012727   \n",
       "3                             20.974545                 0.013636   \n",
       "4                             20.752727                 0.011818   \n",
       "\n",
       "   ONION AREA (1000 ha)  FODDER AREA (1000 ha)     subdivision  YEAR  \\\n",
       "0              0.892727              11.688182  andhra pradesh  1966   \n",
       "1              0.960000              10.838182  andhra pradesh  1967   \n",
       "2              0.899091               9.487273  andhra pradesh  1968   \n",
       "3              1.020000              11.616364  andhra pradesh  1969   \n",
       "4              1.006364              10.207273  andhra pradesh  1970   \n",
       "\n",
       "          JUN         JUL         AUG         SEP  \n",
       "0   72.333333  197.566667  145.966667  162.266667  \n",
       "1   99.400000  205.100000  104.933333  134.900000  \n",
       "2   61.366667  129.666667   28.900000  177.466667  \n",
       "3   78.233333  168.800000  137.033333  122.566667  \n",
       "4  125.833333  121.433333  242.300000  140.200000  \n",
       "\n",
       "[5 rows x 85 columns]"
      ]
     },
     "execution_count": 2,
     "metadata": {},
     "output_type": "execute_result"
    }
   ],
   "source": [
    "file.head()"
   ]
  },
  {
   "cell_type": "markdown",
   "id": "53490618",
   "metadata": {},
   "source": [
    "# Dropping Production & Area Columns "
   ]
  },
  {
   "cell_type": "code",
   "execution_count": 3,
   "id": "66e8c611",
   "metadata": {},
   "outputs": [],
   "source": [
    "file=  file.drop(columns=file.columns[file.columns.str.contains('AREA|PRODUCTION'  ).tolist()])"
   ]
  },
  {
   "cell_type": "code",
   "execution_count": 4,
   "id": "18e7be63",
   "metadata": {},
   "outputs": [],
   "source": [
    "# adding total year rain instead of quarters and will droppoing quarters for bettwe exploration \n",
    "file['total_rain'] =  file['AUG'] + file['JUL'] + file['JUN'] + file['SEP']\n",
    "# renaming year agri and year of rain of better column selection \n",
    "file =  file.rename(columns={'Year':'Agri_year','YEAR':'rain_year'})\n",
    "# dropping rain quarters \n",
    "\n",
    "file =  file.drop(columns={'JUN','JUL','AUG','SEP'})"
   ]
  },
  {
   "cell_type": "code",
   "execution_count": 5,
   "id": "4a677bf9",
   "metadata": {},
   "outputs": [
    {
     "data": {
      "text/html": [
       "<div>\n",
       "<style scoped>\n",
       "    .dataframe tbody tr th:only-of-type {\n",
       "        vertical-align: middle;\n",
       "    }\n",
       "\n",
       "    .dataframe tbody tr th {\n",
       "        vertical-align: top;\n",
       "    }\n",
       "\n",
       "    .dataframe thead th {\n",
       "        text-align: right;\n",
       "    }\n",
       "</style>\n",
       "<table border=\"1\" class=\"dataframe\">\n",
       "  <thead>\n",
       "    <tr style=\"text-align: right;\">\n",
       "      <th></th>\n",
       "      <th>State Name</th>\n",
       "      <th>Agri_year</th>\n",
       "      <th>Dist Code</th>\n",
       "      <th>State Code</th>\n",
       "      <th>RICE YIELD (Kg per ha)</th>\n",
       "      <th>WHEAT YIELD (Kg per ha)</th>\n",
       "      <th>KHARIF SORGHUM YIELD (Kg per ha)</th>\n",
       "      <th>RABI SORGHUM YIELD (Kg per ha)</th>\n",
       "      <th>SORGHUM YIELD (Kg per ha)</th>\n",
       "      <th>PEARL MILLET YIELD (Kg per ha)</th>\n",
       "      <th>...</th>\n",
       "      <th>CASTOR YIELD (Kg per ha)</th>\n",
       "      <th>LINSEED YIELD (Kg per ha)</th>\n",
       "      <th>SUNFLOWER YIELD (Kg per ha)</th>\n",
       "      <th>SOYABEAN YIELD (Kg per ha)</th>\n",
       "      <th>OILSEEDS YIELD (Kg per ha)</th>\n",
       "      <th>SUGARCANE YIELD (Kg per ha)</th>\n",
       "      <th>COTTON YIELD (Kg per ha)</th>\n",
       "      <th>subdivision</th>\n",
       "      <th>rain_year</th>\n",
       "      <th>total_rain</th>\n",
       "    </tr>\n",
       "  </thead>\n",
       "  <tbody>\n",
       "    <tr>\n",
       "      <th>0</th>\n",
       "      <td>andhra pradesh</td>\n",
       "      <td>1966</td>\n",
       "      <td>49.0</td>\n",
       "      <td>1.0</td>\n",
       "      <td>1345.728182</td>\n",
       "      <td>128.417273</td>\n",
       "      <td>550.588182</td>\n",
       "      <td>457.088182</td>\n",
       "      <td>525.905455</td>\n",
       "      <td>614.150000</td>\n",
       "      <td>...</td>\n",
       "      <td>104.343636</td>\n",
       "      <td>0.0</td>\n",
       "      <td>0.0</td>\n",
       "      <td>0.0</td>\n",
       "      <td>648.238182</td>\n",
       "      <td>7930.327273</td>\n",
       "      <td>37.572727</td>\n",
       "      <td>andhra pradesh</td>\n",
       "      <td>1966</td>\n",
       "      <td>578.133333</td>\n",
       "    </tr>\n",
       "    <tr>\n",
       "      <th>1</th>\n",
       "      <td>andhra pradesh</td>\n",
       "      <td>1967</td>\n",
       "      <td>49.0</td>\n",
       "      <td>1.0</td>\n",
       "      <td>1337.355455</td>\n",
       "      <td>34.632727</td>\n",
       "      <td>508.802727</td>\n",
       "      <td>550.864545</td>\n",
       "      <td>540.701818</td>\n",
       "      <td>649.240909</td>\n",
       "      <td>...</td>\n",
       "      <td>95.859091</td>\n",
       "      <td>0.0</td>\n",
       "      <td>0.0</td>\n",
       "      <td>0.0</td>\n",
       "      <td>629.080909</td>\n",
       "      <td>8201.141818</td>\n",
       "      <td>71.580909</td>\n",
       "      <td>andhra pradesh</td>\n",
       "      <td>1967</td>\n",
       "      <td>544.333333</td>\n",
       "    </tr>\n",
       "    <tr>\n",
       "      <th>2</th>\n",
       "      <td>andhra pradesh</td>\n",
       "      <td>1968</td>\n",
       "      <td>49.0</td>\n",
       "      <td>1.0</td>\n",
       "      <td>1212.896364</td>\n",
       "      <td>146.831818</td>\n",
       "      <td>448.655455</td>\n",
       "      <td>513.605454</td>\n",
       "      <td>493.383636</td>\n",
       "      <td>540.130909</td>\n",
       "      <td>...</td>\n",
       "      <td>89.572727</td>\n",
       "      <td>0.0</td>\n",
       "      <td>0.0</td>\n",
       "      <td>0.0</td>\n",
       "      <td>631.727273</td>\n",
       "      <td>7784.411818</td>\n",
       "      <td>38.092727</td>\n",
       "      <td>andhra pradesh</td>\n",
       "      <td>1968</td>\n",
       "      <td>397.400000</td>\n",
       "    </tr>\n",
       "    <tr>\n",
       "      <th>3</th>\n",
       "      <td>andhra pradesh</td>\n",
       "      <td>1969</td>\n",
       "      <td>49.0</td>\n",
       "      <td>1.0</td>\n",
       "      <td>1268.754545</td>\n",
       "      <td>174.282727</td>\n",
       "      <td>530.927273</td>\n",
       "      <td>400.917273</td>\n",
       "      <td>461.684546</td>\n",
       "      <td>628.650000</td>\n",
       "      <td>...</td>\n",
       "      <td>114.033636</td>\n",
       "      <td>0.0</td>\n",
       "      <td>0.0</td>\n",
       "      <td>0.0</td>\n",
       "      <td>649.691818</td>\n",
       "      <td>7049.737273</td>\n",
       "      <td>47.649091</td>\n",
       "      <td>andhra pradesh</td>\n",
       "      <td>1969</td>\n",
       "      <td>506.633333</td>\n",
       "    </tr>\n",
       "    <tr>\n",
       "      <th>4</th>\n",
       "      <td>andhra pradesh</td>\n",
       "      <td>1970</td>\n",
       "      <td>49.0</td>\n",
       "      <td>1.0</td>\n",
       "      <td>1361.693636</td>\n",
       "      <td>549.586364</td>\n",
       "      <td>367.073636</td>\n",
       "      <td>360.426364</td>\n",
       "      <td>375.420000</td>\n",
       "      <td>656.509091</td>\n",
       "      <td>...</td>\n",
       "      <td>90.110000</td>\n",
       "      <td>0.0</td>\n",
       "      <td>0.0</td>\n",
       "      <td>0.0</td>\n",
       "      <td>660.393636</td>\n",
       "      <td>7612.960909</td>\n",
       "      <td>46.829091</td>\n",
       "      <td>andhra pradesh</td>\n",
       "      <td>1970</td>\n",
       "      <td>629.766667</td>\n",
       "    </tr>\n",
       "  </tbody>\n",
       "</table>\n",
       "<p>5 rows × 30 columns</p>\n",
       "</div>"
      ],
      "text/plain": [
       "       State Name  Agri_year  Dist Code  State Code  RICE YIELD (Kg per ha)  \\\n",
       "0  andhra pradesh       1966       49.0         1.0             1345.728182   \n",
       "1  andhra pradesh       1967       49.0         1.0             1337.355455   \n",
       "2  andhra pradesh       1968       49.0         1.0             1212.896364   \n",
       "3  andhra pradesh       1969       49.0         1.0             1268.754545   \n",
       "4  andhra pradesh       1970       49.0         1.0             1361.693636   \n",
       "\n",
       "   WHEAT YIELD (Kg per ha)  KHARIF SORGHUM YIELD (Kg per ha)  \\\n",
       "0               128.417273                        550.588182   \n",
       "1                34.632727                        508.802727   \n",
       "2               146.831818                        448.655455   \n",
       "3               174.282727                        530.927273   \n",
       "4               549.586364                        367.073636   \n",
       "\n",
       "   RABI SORGHUM YIELD (Kg per ha)  SORGHUM YIELD (Kg per ha)  \\\n",
       "0                      457.088182                 525.905455   \n",
       "1                      550.864545                 540.701818   \n",
       "2                      513.605454                 493.383636   \n",
       "3                      400.917273                 461.684546   \n",
       "4                      360.426364                 375.420000   \n",
       "\n",
       "   PEARL MILLET YIELD (Kg per ha)  ...  CASTOR YIELD (Kg per ha)  \\\n",
       "0                      614.150000  ...                104.343636   \n",
       "1                      649.240909  ...                 95.859091   \n",
       "2                      540.130909  ...                 89.572727   \n",
       "3                      628.650000  ...                114.033636   \n",
       "4                      656.509091  ...                 90.110000   \n",
       "\n",
       "   LINSEED YIELD (Kg per ha)  SUNFLOWER YIELD (Kg per ha)  \\\n",
       "0                        0.0                          0.0   \n",
       "1                        0.0                          0.0   \n",
       "2                        0.0                          0.0   \n",
       "3                        0.0                          0.0   \n",
       "4                        0.0                          0.0   \n",
       "\n",
       "   SOYABEAN YIELD (Kg per ha)  OILSEEDS YIELD (Kg per ha)  \\\n",
       "0                         0.0                  648.238182   \n",
       "1                         0.0                  629.080909   \n",
       "2                         0.0                  631.727273   \n",
       "3                         0.0                  649.691818   \n",
       "4                         0.0                  660.393636   \n",
       "\n",
       "   SUGARCANE YIELD (Kg per ha)  COTTON YIELD (Kg per ha)     subdivision  \\\n",
       "0                  7930.327273                 37.572727  andhra pradesh   \n",
       "1                  8201.141818                 71.580909  andhra pradesh   \n",
       "2                  7784.411818                 38.092727  andhra pradesh   \n",
       "3                  7049.737273                 47.649091  andhra pradesh   \n",
       "4                  7612.960909                 46.829091  andhra pradesh   \n",
       "\n",
       "   rain_year  total_rain  \n",
       "0       1966  578.133333  \n",
       "1       1967  544.333333  \n",
       "2       1968  397.400000  \n",
       "3       1969  506.633333  \n",
       "4       1970  629.766667  \n",
       "\n",
       "[5 rows x 30 columns]"
      ]
     },
     "execution_count": 5,
     "metadata": {},
     "output_type": "execute_result"
    }
   ],
   "source": [
    "file.head()"
   ]
  },
  {
   "cell_type": "markdown",
   "id": "db4eb64a",
   "metadata": {},
   "source": [
    "# Rain Analysis vs Agri Analysis \n"
   ]
  },
  {
   "cell_type": "code",
   "execution_count": 6,
   "id": "78eec0a7",
   "metadata": {},
   "outputs": [],
   "source": [
    "# we group rain per year and yield per year for now we ignore per state we will analyze total india \n",
    "aggdata =  file.groupby(['rain_year']).agg({'RICE YIELD (Kg per ha)':'sum',\n",
    "                                 'WHEAT YIELD (Kg per ha)':'sum',\n",
    "                                 'KHARIF SORGHUM YIELD (Kg per ha)':'sum',\n",
    "                                 'RABI SORGHUM YIELD (Kg per ha)':'sum',\n",
    "                                 'SORGHUM YIELD (Kg per ha)':'sum',\n",
    "                                 'PEARL MILLET YIELD (Kg per ha)':'sum',\n",
    "                                 'MAIZE YIELD (Kg per ha)':'sum',\n",
    "                                 'FINGER MILLET YIELD (Kg per ha)':'sum',\n",
    "                                 'BARLEY YIELD (Kg per ha)':'sum',\n",
    "                                 'CHICKPEA YIELD (Kg per ha)':'sum',\n",
    "                                 'PIGEONPEA YIELD (Kg per ha)':'sum',\n",
    "                                 'MINOR PULSES YIELD (Kg per ha)':'sum',\n",
    "                                 'GROUNDNUT YIELD (Kg per ha)':'sum',\n",
    "                                 'SESAMUM YIELD (Kg per ha)':'sum',\n",
    "                                 'RAPESEED AND MUSTARD YIELD (Kg per ha)':'sum',\n",
    "                                'SAFFLOWER YIELD (Kg per ha)':'sum',\n",
    "                                'CASTOR YIELD (Kg per ha)':'sum',\n",
    "                                'LINSEED YIELD (Kg per ha)':'sum',\n",
    "                                'SUNFLOWER YIELD (Kg per ha)':'sum',\n",
    "                                'SOYABEAN YIELD (Kg per ha)':'sum',\n",
    "                                'OILSEEDS YIELD (Kg per ha)':'sum',\n",
    "                                'SUGARCANE YIELD (Kg per ha)':'sum',\n",
    "                                'COTTON YIELD (Kg per ha)':'sum',\n",
    "                                'total_rain':'sum'\n",
    "                                \n",
    "\n",
    "\n",
    "\n",
    "\n",
    "\n",
    "                                 }).reset_index()"
   ]
  },
  {
   "cell_type": "markdown",
   "id": "9a264721",
   "metadata": {},
   "source": [
    "# Total Rain Vs All Yeild "
   ]
  },
  {
   "cell_type": "code",
   "execution_count": 7,
   "id": "30762482",
   "metadata": {},
   "outputs": [
    {
     "data": {
      "application/vnd.plotly.v1+json": {
       "config": {
        "plotlyServerURL": "https://plot.ly"
       },
       "data": [
        {
         "coloraxis": "coloraxis",
         "hovertemplate": "x: %{x}<br>y: %{y}<br>color: %{z}<extra></extra>",
         "name": "0",
         "type": "heatmap",
         "x": [
          "rain_year",
          "RICE YIELD (Kg per ha)",
          "WHEAT YIELD (Kg per ha)",
          "KHARIF SORGHUM YIELD (Kg per ha)",
          "RABI SORGHUM YIELD (Kg per ha)",
          "SORGHUM YIELD (Kg per ha)",
          "PEARL MILLET YIELD (Kg per ha)",
          "MAIZE YIELD (Kg per ha)",
          "FINGER MILLET YIELD (Kg per ha)",
          "BARLEY YIELD (Kg per ha)",
          "CHICKPEA YIELD (Kg per ha)",
          "PIGEONPEA YIELD (Kg per ha)",
          "MINOR PULSES YIELD (Kg per ha)",
          "GROUNDNUT YIELD (Kg per ha)",
          "SESAMUM YIELD (Kg per ha)",
          "RAPESEED AND MUSTARD YIELD (Kg per ha)",
          "SAFFLOWER YIELD (Kg per ha)",
          "CASTOR YIELD (Kg per ha)",
          "LINSEED YIELD (Kg per ha)",
          "SUNFLOWER YIELD (Kg per ha)",
          "SOYABEAN YIELD (Kg per ha)",
          "OILSEEDS YIELD (Kg per ha)",
          "SUGARCANE YIELD (Kg per ha)",
          "COTTON YIELD (Kg per ha)",
          "total_rain"
         ],
         "xaxis": "x",
         "y": [
          "rain_year",
          "RICE YIELD (Kg per ha)",
          "WHEAT YIELD (Kg per ha)",
          "KHARIF SORGHUM YIELD (Kg per ha)",
          "RABI SORGHUM YIELD (Kg per ha)",
          "SORGHUM YIELD (Kg per ha)",
          "PEARL MILLET YIELD (Kg per ha)",
          "MAIZE YIELD (Kg per ha)",
          "FINGER MILLET YIELD (Kg per ha)",
          "BARLEY YIELD (Kg per ha)",
          "CHICKPEA YIELD (Kg per ha)",
          "PIGEONPEA YIELD (Kg per ha)",
          "MINOR PULSES YIELD (Kg per ha)",
          "GROUNDNUT YIELD (Kg per ha)",
          "SESAMUM YIELD (Kg per ha)",
          "RAPESEED AND MUSTARD YIELD (Kg per ha)",
          "SAFFLOWER YIELD (Kg per ha)",
          "CASTOR YIELD (Kg per ha)",
          "LINSEED YIELD (Kg per ha)",
          "SUNFLOWER YIELD (Kg per ha)",
          "SOYABEAN YIELD (Kg per ha)",
          "OILSEEDS YIELD (Kg per ha)",
          "SUGARCANE YIELD (Kg per ha)",
          "COTTON YIELD (Kg per ha)",
          "total_rain"
         ],
         "yaxis": "y",
         "z": [
          [
           1,
           0.975670297320707,
           0.9591873269916388,
           0.7740565136376157,
           0.7329488715143819,
           0.818870304553494,
           0.890793845365813,
           0.9263554665531479,
           0.4932479634339931,
           0.9070694320458296,
           0.8283466386706015,
           0.8681841505625423,
           0.8144127471191592,
           0.8916184113711837,
           0.8632710290253317,
           0.9592406795209167,
           0.7259919767818737,
           0.8811763549801341,
           0.7857926129009388,
           0.9415466899830269,
           0.9458784468827509,
           0.8276740408917241,
           0.8307962200902475,
           0.7962691613246805,
           -0.21154589925194886
          ],
          [
           0.975670297320707,
           1,
           0.9742607468134169,
           0.8239599869824488,
           0.7396355436788923,
           0.8489856839080872,
           0.9174063760871947,
           0.929122555501966,
           0.5708060414193655,
           0.9355020051883819,
           0.843173233422013,
           0.8870672263678855,
           0.8432039794417677,
           0.9173256078623531,
           0.8913200239120583,
           0.9592726334055968,
           0.7414446235509886,
           0.8724285543283486,
           0.7861003547263645,
           0.8985735137560801,
           0.9362821237311133,
           0.8172669163416231,
           0.8914876482962323,
           0.8220751026570333,
           -0.0868742134612607
          ],
          [
           0.9591873269916388,
           0.9742607468134169,
           1,
           0.8004369996488384,
           0.7082745575101793,
           0.810643663779445,
           0.8744900769414744,
           0.879606253055631,
           0.49854716058797843,
           0.9537033346091621,
           0.8303073613834815,
           0.886538110749822,
           0.8135439992173217,
           0.8741657815207436,
           0.8620871360690192,
           0.9654571824756835,
           0.749759914400463,
           0.856555693562021,
           0.7978261472602005,
           0.8867143366891572,
           0.9370085895262792,
           0.7979634529470628,
           0.8781859719680215,
           0.8104135621764567,
           -0.08701031845773131
          ],
          [
           0.7740565136376157,
           0.8239599869824488,
           0.8004369996488384,
           1,
           0.7339818970732584,
           0.9253236286477717,
           0.8523583739543439,
           0.7904612460921302,
           0.5714520816629901,
           0.7722677338145282,
           0.8018596979648475,
           0.7302210759538799,
           0.7219314315008188,
           0.8132753879827166,
           0.8585455615173521,
           0.7882920365470085,
           0.6388921565320484,
           0.789941948167259,
           0.6842083846667482,
           0.7076554486020934,
           0.776950907966071,
           0.7445514846912812,
           0.7345326338655501,
           0.7634590847537258,
           0.11128868345146371
          ],
          [
           0.7329488715143819,
           0.7396355436788923,
           0.7082745575101793,
           0.7339818970732584,
           1,
           0.8310022989918383,
           0.7717255353698709,
           0.7654776628304292,
           0.5085783814830231,
           0.6757330061198057,
           0.7156719863164779,
           0.6768234166615769,
           0.5511790500418982,
           0.7343061689304281,
           0.7082429171741994,
           0.7468959033120087,
           0.5682188400114746,
           0.794605565657135,
           0.619517577909474,
           0.6650856611683852,
           0.6971503039849862,
           0.7523584309488784,
           0.6099561872824274,
           0.6973892947432812,
           0.044165265944865514
          ],
          [
           0.818870304553494,
           0.8489856839080872,
           0.810643663779445,
           0.9253236286477717,
           0.8310022989918383,
           1,
           0.8980521029442207,
           0.8706942950250414,
           0.6028619733081433,
           0.7702317471179247,
           0.8198330732414386,
           0.7978557285206002,
           0.7132411922112298,
           0.8675559033271438,
           0.8207711831312037,
           0.8293900402656565,
           0.6295317097509446,
           0.807465318181675,
           0.6578397606710096,
           0.709683418743284,
           0.7790836984930805,
           0.7636441834802531,
           0.727949687495313,
           0.8273168907509096,
           0.029731035237132608
          ],
          [
           0.890793845365813,
           0.9174063760871947,
           0.8744900769414744,
           0.8523583739543439,
           0.7717255353698709,
           0.8980521029442207,
           1,
           0.929375981427134,
           0.5357587062267728,
           0.8783978504406045,
           0.8630969669169536,
           0.7937115231838106,
           0.7575993289286328,
           0.9390457374580438,
           0.901218751503982,
           0.8883134898306382,
           0.6639421583507962,
           0.8496335144778201,
           0.7613831980632155,
           0.8243805198570837,
           0.8674161813592481,
           0.7552184269000134,
           0.8138792289064032,
           0.8312666457995901,
           0.04396743117814576
          ],
          [
           0.9263554665531479,
           0.929122555501966,
           0.879606253055631,
           0.7904612460921302,
           0.7654776628304292,
           0.8706942950250414,
           0.929375981427134,
           1,
           0.6108032168458607,
           0.8428741442385602,
           0.8489623309079356,
           0.8283910788755889,
           0.843614332392639,
           0.9537368905572806,
           0.8723935015679063,
           0.9008907947035902,
           0.7105569523495815,
           0.8411413216345025,
           0.6950461380941757,
           0.8335137506714962,
           0.8660008072005957,
           0.7133379351046015,
           0.7764240257507893,
           0.8471022248330834,
           -0.16431397203432777
          ],
          [
           0.4932479634339931,
           0.5708060414193655,
           0.49854716058797843,
           0.5714520816629901,
           0.5085783814830231,
           0.6028619733081433,
           0.5357587062267728,
           0.6108032168458607,
           1,
           0.487429525740043,
           0.47225339063052507,
           0.4673110769439223,
           0.5785747227601766,
           0.6166212424924401,
           0.5117518689962408,
           0.44653543807367796,
           0.37329812792720485,
           0.45257219126540355,
           0.3326993402686021,
           0.32105662275320496,
           0.3449398612721429,
           0.27749631559412535,
           0.4273446839893574,
           0.5930292756281156,
           0.023963482229362735
          ],
          [
           0.9070694320458296,
           0.9355020051883819,
           0.9537033346091621,
           0.7722677338145282,
           0.6757330061198057,
           0.7702317471179247,
           0.8783978504406045,
           0.8428741442385602,
           0.487429525740043,
           1,
           0.790645010197312,
           0.8232011245411371,
           0.7924104374262658,
           0.8716931919272385,
           0.8635340848533413,
           0.9148399428164602,
           0.7085739627209727,
           0.8513961663517855,
           0.83869814081969,
           0.8407337166451752,
           0.9037463033759353,
           0.7395613585219489,
           0.8598790459055697,
           0.7738121554808722,
           -0.04803483548186424
          ],
          [
           0.8283466386706015,
           0.843173233422013,
           0.8303073613834815,
           0.8018596979648475,
           0.7156719863164779,
           0.8198330732414386,
           0.8630969669169536,
           0.8489623309079356,
           0.47225339063052507,
           0.790645010197312,
           1,
           0.7875229986147233,
           0.7564603632618302,
           0.8504370303150448,
           0.8731169340792962,
           0.8377116951237674,
           0.6495176537841394,
           0.8173789090090035,
           0.7489525267087107,
           0.8003804062294221,
           0.821797135978672,
           0.6885726105628287,
           0.7192461589982756,
           0.7790706078127788,
           0.1130980817147702
          ],
          [
           0.8681841505625423,
           0.8870672263678855,
           0.886538110749822,
           0.7302210759538799,
           0.6768234166615769,
           0.7978557285206002,
           0.7937115231838106,
           0.8283910788755889,
           0.4673110769439223,
           0.8232011245411371,
           0.7875229986147233,
           1,
           0.801082997253065,
           0.8214849897974825,
           0.7631688801836803,
           0.9049306356604664,
           0.7304833696501533,
           0.7639752666910314,
           0.6235685274208436,
           0.740773308710356,
           0.8419551440242001,
           0.7141272960475668,
           0.8038203736029118,
           0.8016708949506307,
           -0.10951227127082813
          ],
          [
           0.8144127471191592,
           0.8432039794417677,
           0.8135439992173217,
           0.7219314315008188,
           0.5511790500418982,
           0.7132411922112298,
           0.7575993289286328,
           0.843614332392639,
           0.5785747227601766,
           0.7924104374262658,
           0.7564603632618302,
           0.801082997253065,
           1,
           0.8354516873735122,
           0.8521727268795729,
           0.7989926541416128,
           0.7108466909963752,
           0.7615884264557873,
           0.6615251027553304,
           0.7207028663099397,
           0.7807838745503137,
           0.5188940169391724,
           0.7723608180867347,
           0.7841492559190311,
           -0.18128495759675856
          ],
          [
           0.8916184113711837,
           0.9173256078623531,
           0.8741657815207436,
           0.8132753879827166,
           0.7343061689304281,
           0.8675559033271438,
           0.9390457374580438,
           0.9537368905572806,
           0.6166212424924401,
           0.8716931919272385,
           0.8504370303150448,
           0.8214849897974825,
           0.8354516873735122,
           1,
           0.9022377551720658,
           0.8984897880613492,
           0.7129696021540002,
           0.7927068850558858,
           0.6861396526950707,
           0.800326642549527,
           0.8437544256238831,
           0.717870859721168,
           0.7898851316976756,
           0.8530973538660813,
           -0.0006634056154623275
          ],
          [
           0.8632710290253317,
           0.8913200239120583,
           0.8620871360690192,
           0.8585455615173521,
           0.7082429171741994,
           0.8207711831312037,
           0.901218751503982,
           0.8723935015679063,
           0.5117518689962408,
           0.8635340848533413,
           0.8731169340792962,
           0.7631688801836803,
           0.8521727268795729,
           0.9022377551720658,
           1,
           0.875505478102476,
           0.7188392670343285,
           0.8655688810660089,
           0.7822860367013866,
           0.8463315330203578,
           0.8932498810811949,
           0.7092891179031084,
           0.7891164206796238,
           0.7754231297914276,
           0.055540144502455466
          ],
          [
           0.9592406795209167,
           0.9592726334055968,
           0.9654571824756835,
           0.7882920365470085,
           0.7468959033120087,
           0.8293900402656565,
           0.8883134898306382,
           0.9008907947035902,
           0.44653543807367796,
           0.9148399428164602,
           0.8377116951237674,
           0.9049306356604664,
           0.7989926541416128,
           0.8984897880613492,
           0.875505478102476,
           1,
           0.7921671262946198,
           0.8407844853301792,
           0.7539392019468494,
           0.891837775783013,
           0.9564705951397354,
           0.8098779472914762,
           0.848806175356586,
           0.8372505394075666,
           -0.08865898895354993
          ],
          [
           0.7259919767818737,
           0.7414446235509886,
           0.749759914400463,
           0.6388921565320484,
           0.5682188400114746,
           0.6295317097509446,
           0.6639421583507962,
           0.7105569523495815,
           0.37329812792720485,
           0.7085739627209727,
           0.6495176537841394,
           0.7304833696501533,
           0.7108466909963752,
           0.7129696021540002,
           0.7188392670343285,
           0.7921671262946198,
           1,
           0.6698290442211516,
           0.6276703917357739,
           0.6957842309926513,
           0.7572203532111326,
           0.5624662088136941,
           0.7411445434711667,
           0.758595074285113,
           -0.09590481271280339
          ],
          [
           0.8811763549801341,
           0.8724285543283486,
           0.856555693562021,
           0.789941948167259,
           0.794605565657135,
           0.807465318181675,
           0.8496335144778201,
           0.8411413216345025,
           0.45257219126540355,
           0.8513961663517855,
           0.8173789090090035,
           0.7639752666910314,
           0.7615884264557873,
           0.7927068850558858,
           0.8655688810660089,
           0.8407844853301792,
           0.6698290442211516,
           1,
           0.888351958248908,
           0.8615301352756072,
           0.8682924179721672,
           0.7647632971587399,
           0.7479366216704464,
           0.7247502625114186,
           -0.09464451743567091
          ],
          [
           0.7857926129009388,
           0.7861003547263645,
           0.7978261472602005,
           0.6842083846667482,
           0.619517577909474,
           0.6578397606710096,
           0.7613831980632155,
           0.6950461380941757,
           0.3326993402686021,
           0.83869814081969,
           0.7489525267087107,
           0.6235685274208436,
           0.6615251027553304,
           0.6861396526950707,
           0.7822860367013866,
           0.7539392019468494,
